Temperature (F)	Pressure (psia)	Density (l, mol/l)	Volume (l, l/mol)	Internal Energy (l, kJ/mol)	Enthalpy (l, kJ/mol)	Entropy (l, J/mol*K)	Cv (l, J/mol*K)	Cp (l, J/mol*K)	Sound Spd. (l, m/s)	Joule-Thomson (l, F/psia)	Viscosity (l, uPa*s)	Therm. Cond. (l, W/m*K)	Surf. Tension (l, N/m)	Density (v, mol/l)	Volume (v, l/mol)	Internal Energy (v, kJ/mol)	Enthalpy (v, kJ/mol)	Entropy (v, J/mol*K)	Cv (v, J/mol*K)	Cp (v, J/mol*K)	Sound Spd. (v, m/s)	Joule-Thomson (v, F/psia)	Viscosity (v, uPa*s)	Therm. Cond. (v, W/m*K)
0.0000	278.33	22.467	0.044510	5.5643	5.6497	25.479	40.039	88.317	680.85	0.00096651	114.73	0.12081	0.0086877	1.1367	0.87970	15.942	17.630	72.394	35.635	58.844	217.78	0.21620	13.654	0.015687
1.0000	282.88	22.413	0.044616	5.6116	5.6986	25.665	40.037	88.571	677.15	0.0010433	113.96	0.12019	0.0085805	1.1562	0.86488	15.944	17.631	72.289	35.723	59.212	217.63	0.21506	13.698	0.015770
2.0000	287.49	22.360	0.044723	5.6590	5.7476	25.851	40.034	88.830	673.45	0.0011215	113.20	0.11957	0.0084735	1.1760	0.85035	15.946	17.631	72.184	35.811	59.588	217.47	0.21392	13.743	0.015854
3.0000	292.15	22.306	0.044830	5.7065	5.7968	26.037	40.032	89.094	669.74	0.0012011	112.44	0.11896	0.0083668	1.1961	0.83608	15.947	17.632	72.079	35.900	59.970	217.31	0.21280	13.787	0.015940
4.0000	296.87	22.252	0.044939	5.7541	5.8461	26.223	40.030	89.364	666.02	0.0012822	111.68	0.11834	0.0082602	1.2164	0.82208	15.949	17.631	71.974	35.988	60.360	217.15	0.21169	13.832	0.016026
5.0000	301.64	22.198	0.045049	5.8018	5.8955	26.408	40.028	89.639	662.30	0.0013648	110.93	0.11772	0.0081539	1.2371	0.80834	15.950	17.631	71.870	36.078	60.757	216.99	0.21059	13.877	0.016114
6.0000	306.46	22.144	0.045160	5.8496	5.9450	26.594	40.027	89.920	658.58	0.0014490	110.19	0.11711	0.0080479	1.2581	0.79485	15.951	17.631	71.764	36.167	61.162	216.82	0.20950	13.923	0.016203
7.0000	311.35	22.089	0.045272	5.8975	5.9947	26.780	40.026	90.206	654.84	0.0015348	109.45	0.11649	0.0079421	1.2794	0.78162	15.952	17.630	71.659	36.257	61.574	216.64	0.20842	13.968	0.016293
8.0000	316.29	22.034	0.045385	5.9455	6.0445	26.966	40.025	90.499	651.10	0.0016222	108.71	0.11588	0.0078365	1.3010	0.76862	15.953	17.629	71.554	36.347	61.995	216.47	0.20735	14.014	0.016384
9.0000	321.28	21.978	0.045499	5.9936	6.0944	27.152	40.024	90.798	647.35	0.0017113	107.97	0.11526	0.0077311	1.3230	0.75586	15.954	17.628	71.449	36.437	62.424	216.29	0.20629	14.061	0.016476
10.000	326.34	21.923	0.045615	6.0419	6.1445	27.338	40.024	91.104	643.59	0.0018021	107.24	0.11465	0.0076260	1.3453	0.74333	15.954	17.627	71.343	36.528	62.862	216.10	0.20524	14.108	0.016569
11.000	331.45	21.867	0.045732	6.0902	6.1947	27.524	40.024	91.416	639.83	0.0018947	106.52	0.11404	0.0075212	1.3679	0.73103	15.954	17.625	71.238	36.619	63.309	215.92	0.20420	14.155	0.016664
12.000	336.62	21.810	0.045850	6.1387	6.2451	27.711	40.024	91.736	636.06	0.0019892	105.79	0.11342	0.0074166	1.3909	0.71895	15.955	17.623	71.132	36.710	63.765	215.73	0.20317	14.202	0.016760
13.000	341.84	21.754	0.045969	6.1872	6.2956	27.897	40.024	92.062	632.28	0.0020855	105.07	0.11281	0.0073122	1.4143	0.70709	15.954	17.621	71.026	36.802	64.231	215.53	0.20215	14.250	0.016857
14.000	347.13	21.697	0.046090	6.2359	6.3462	28.083	40.025	92.396	628.49	0.0021838	104.36	0.11220	0.0072081	1.4380	0.69543	15.954	17.619	70.920	36.895	64.707	215.33	0.20113	14.298	0.016956
15.000	352.47	21.639	0.046212	6.2848	6.3971	28.270	40.026	92.737	624.69	0.0022840	103.65	0.11159	0.0071043	1.4620	0.68398	15.954	17.616	70.813	36.987	65.194	215.13	0.20013	14.346	0.017056
16.000	357.88	21.582	0.046335	6.3337	6.4480	28.456	40.028	93.086	620.88	0.0023864	102.94	0.11098	0.0070007	1.4865	0.67274	15.953	17.613	70.706	37.081	65.691	214.92	0.19913	14.395	0.017158
17.000	363.34	21.524	0.046460	6.3828	6.4991	28.643	40.030	93.444	617.07	0.0024908	102.23	0.11037	0.0068974	1.5113	0.66169	15.952	17.610	70.600	37.174	66.200	214.71	0.19814	14.444	0.017261
18.000	368.87	21.466	0.046586	6.4320	6.5504	28.829	40.032	93.810	613.24	0.0025974	101.53	0.10977	0.0067943	1.5365	0.65083	15.951	17.607	70.492	37.268	66.720	214.50	0.19716	14.494	0.017366
19.000	374.45	21.407	0.046714	6.4813	6.6019	29.016	40.034	94.185	609.41	0.0027062	100.83	0.10916	0.0066915	1.5621	0.64016	15.950	17.603	70.385	37.363	67.252	214.28	0.19619	14.544	0.017473
20.000	380.10	21.348	0.046843	6.5307	6.6535	29.203	40.037	94.568	605.56	0.0028174	100.13	0.10855	0.0065889	1.5881	0.62967	15.949	17.599	70.277	37.458	67.797	214.06	0.19522	14.594	0.017581
21.000	385.81	21.289	0.046973	6.5803	6.7053	29.391	40.040	94.962	601.71	0.0029309	99.437	0.10795	0.0064867	1.6146	0.61937	15.947	17.595	70.169	37.553	68.355	213.83	0.19427	14.645	0.017691
22.000	391.58	21.229	0.047105	6.6301	6.7572	29.578	40.044	95.365	597.84	0.0030469	98.746	0.10734	0.0063847	1.6414	0.60924	15.945	17.590	70.061	37.649	68.926	213.60	0.19331	14.696	0.017802
23.000	397.42	21.169	0.047239	6.6799	6.8094	29.766	40.048	95.778	593.97	0.0031655	98.057	0.10674	0.0062829	1.6687	0.59928	15.943	17.585	69.952	37.746	69.512	213.37	0.19237	14.748	0.017916
24.000	403.32	21.108	0.047375	6.7299	6.8617	29.953	40.052	96.202	590.08	0.0032866	97.371	0.10613	0.0061815	1.6964	0.58949	15.941	17.580	69.843	37.843	70.112	213.13	0.19143	14.800	0.018031
25.000	409.28	21.047	0.047512	6.7801	6.9142	30.141	40.057	96.637	586.18	0.0034105	96.687	0.10553	0.0060803	1.7246	0.57986	15.939	17.575	69.734	37.941	70.728	212.89	0.19050	14.852	0.018149
26.000	415.30	20.986	0.047651	6.8304	6.9669	30.329	40.062	97.083	582.27	0.0035372	96.006	0.10493	0.0059794	1.7532	0.57039	15.936	17.569	69.624	38.039	71.359	212.65	0.18958	14.905	0.018268
27.000	421.39	20.924	0.047791	6.8809	7.0197	30.518	40.068	97.541	578.34	0.0036667	95.327	0.10433	0.0058789	1.7823	0.56108	15.933	17.563	69.514	38.138	72.008	212.40	0.18866	14.959	0.018390
28.000	427.54	20.862	0.047933	6.9315	7.0728	30.706	40.074	98.012	574.40	0.0037992	94.650	0.10373	0.0057786	1.8118	0.55192	15.930	17.557	69.403	38.237	72.673	212.14	0.18775	15.013	0.018513
29.000	433.76	20.800	0.048078	6.9823	7.1261	30.895	40.081	98.496	570.45	0.0039349	93.976	0.10313	0.0056785	1.8419	0.54292	15.926	17.550	69.292	38.337	73.357	211.88	0.18685	15.067	0.018639
30.000	440.05	20.737	0.048224	7.0332	7.1796	31.084	40.088	98.993	566.49	0.0040737	93.303	0.10253	0.0055788	1.8725	0.53405	15.923	17.543	69.180	38.438	74.060	211.62	0.18595	15.122	0.018768
31.000	446.40	20.673	0.048372	7.0844	7.2332	31.274	40.095	99.504	562.51	0.0042158	92.633	0.10193	0.0054794	1.9035	0.52534	15.919	17.536	69.068	38.540	74.783	211.36	0.18505	15.178	0.018899
32.000	452.82	20.609	0.048522	7.1356	7.2871	31.463	40.103	100.03	558.52	0.0043614	91.964	0.10133	0.0053803	1.9351	0.51676	15.915	17.528	68.955	38.642	75.526	211.08	0.18416	15.234	0.019032
33.000	459.30	20.545	0.048674	7.1871	7.3413	31.653	40.112	100.57	554.51	0.0045105	91.297	0.10073	0.0052815	1.9673	0.50832	15.910	17.520	68.842	38.745	76.291	210.81	0.18328	15.291	0.019168
34.000	465.86	20.480	0.048829	7.2388	7.3956	31.843	40.121	101.13	550.49	0.0046633	90.632	0.10014	0.0051830	2.0000	0.50001	15.905	17.511	68.728	38.849	77.079	210.53	0.18240	15.349	0.019307
35.000	472.48	20.414	0.048985	7.2906	7.4502	32.034	40.130	101.70	546.45	0.0048200	89.968	0.099543	0.0050849	2.0332	0.49184	15.900	17.503	68.613	38.953	77.890	210.25	0.18152	15.407	0.019448
36.000	479.17	20.348	0.049144	7.3426	7.5050	32.225	40.140	102.29	542.39	0.0049806	89.306	0.098948	0.0049870	2.0670	0.48379	15.895	17.493	68.498	39.058	78.727	209.96	0.18065	15.465	0.019593
37.000	485.93	20.282	0.049305	7.3948	7.5600	32.417	40.151	102.90	538.32	0.0051453	88.645	0.098355	0.0048895	2.1014	0.47586	15.890	17.484	68.382	39.164	79.590	209.67	0.17978	15.525	0.019741
38.000	492.76	20.215	0.049469	7.4473	7.6153	32.608	40.163	103.53	534.23	0.0053142	87.985	0.097762	0.0047923	2.1365	0.46806	15.884	17.474	68.265	39.271	80.480	209.37	0.17892	15.585	0.019892
39.000	499.66	20.147	0.049635	7.4999	7.6709	32.800	40.175	104.18	530.13	0.0054877	87.327	0.097171	0.0046954	2.1721	0.46038	15.877	17.463	68.148	39.379	81.399	209.07	0.17805	15.646	0.020046
40.000	506.62	20.079	0.049803	7.5527	7.7267	32.993	40.187	104.85	526.00	0.0056657	86.670	0.096580	0.0045989	2.2084	0.45282	15.871	17.453	68.030	39.488	82.349	208.76	0.17720	15.707	0.020204
41.000	513.67	20.010	0.049974	7.6058	7.7827	33.186	40.201	105.54	521.85	0.0058486	86.013	0.095990	0.0045027	2.2453	0.44537	15.864	17.441	67.911	39.598	83.331	208.45	0.17634	15.769	0.020365
42.000	520.78	19.941	0.050148	7.6590	7.8391	33.380	40.215	106.26	517.69	0.0060365	85.358	0.095401	0.0044069	2.2830	0.43803	15.857	17.430	67.791	39.709	84.347	208.14	0.17549	15.832	0.020530
43.000	527.96	19.871	0.050325	7.7125	7.8957	33.574	40.230	107.00	513.50	0.0062295	84.703	0.094813	0.0043114	2.3213	0.43080	15.849	17.418	67.670	39.821	85.398	207.82	0.17464	15.896	0.020699
44.000	535.22	19.800	0.050504	7.7663	7.9526	33.768	40.245	107.77	509.29	0.0064281	84.049	0.094226	0.0042163	2.3603	0.42367	15.841	17.405	67.549	39.933	86.487	207.50	0.17379	15.961	0.020873
45.000	542.55	19.729	0.050687	7.8203	8.0099	33.964	40.262	108.57	505.06	0.0066323	83.395	0.093640	0.0041215	2.4001	0.41665	15.833	17.392	67.426	40.047	87.616	207.17	0.17294	16.027	0.021050
46.000	549.96	19.657	0.050872	7.8745	8.0674	34.159	40.279	109.39	500.81	0.0068424	82.742	0.093055	0.0040271	2.4406	0.40973	15.825	17.378	67.303	40.163	88.788	206.83	0.17209	16.093	0.021233
47.000	557.43	19.584	0.051061	7.9290	8.1252	34.356	40.298	110.25	496.53	0.0070587	82.089	0.092471	0.0039331	2.4819	0.40291	15.816	17.364	67.178	40.279	90.004	206.49	0.17125	16.161	0.021420
48.000	564.99	19.511	0.051253	7.9837	8.1834	34.553	40.317	111.13	492.23	0.0072815	81.437	0.091888	0.0038395	2.5240	0.39619	15.806	17.350	67.052	40.396	91.267	206.15	0.17040	16.229	0.021612
49.000	572.62	19.437	0.051449	8.0388	8.2419	34.750	40.337	112.06	487.91	0.0075110	80.784	0.091307	0.0037462	2.5670	0.38956	15.796	17.334	66.925	40.515	92.581	205.80	0.16955	16.299	0.021809
50.000	580.32	19.362	0.051648	8.0941	8.3007	34.949	40.358	113.02	483.56	0.0077477	80.131	0.090726	0.0036533	2.6108	0.38303	15.786	17.319	66.797	40.635	93.948	205.45	0.16871	16.370	0.022012
51.000	588.11	19.286	0.051851	8.1497	8.3599	35.148	40.380	114.02	479.18	0.0079917	79.478	0.090146	0.0035609	2.6555	0.37658	15.775	17.302	66.668	40.757	95.372	205.09	0.16786	16.441	0.022221
52.000	595.97	19.209	0.052058	8.2056	8.4195	35.347	40.404	115.06	474.77	0.0082435	78.825	0.089568	0.0034688	2.7011	0.37022	15.764	17.285	66.537	40.880	96.857	204.73	0.16701	16.514	0.022436
53.000	603.91	19.132	0.052268	8.2618	8.4794	35.548	40.428	116.14	470.33	0.0085036	78.171	0.088991	0.0033772	2.7477	0.36395	15.753	17.268	66.405	41.005	98.407	204.36	0.16616	16.588	0.022658
54.000	611.92	19.054	0.052483	8.3184	8.5398	35.750	40.454	117.28	465.86	0.0087721	77.516	0.088415	0.0032859	2.7952	0.35776	15.740	17.250	66.272	41.131	100.03	203.99	0.16531	16.664	0.022886
55.000	620.02	18.974	0.052703	8.3752	8.6005	35.952	40.481	118.46	461.37	0.0090497	76.861	0.087840	0.0031951	2.8438	0.35165	15.728	17.231	66.137	41.258	101.72	203.61	0.16445	16.740	0.023121
56.000	628.19	18.894	0.052927	8.4325	8.6617	36.155	40.510	119.70	456.84	0.0093368	76.204	0.087267	0.0031047	2.8934	0.34561	15.715	17.212	66.000	41.388	103.49	203.23	0.16359	16.818	0.023365
57.000	636.45	18.813	0.053155	8.4901	8.7233	36.360	40.539	121.00	452.27	0.0096339	75.547	0.086695	0.0030148	2.9441	0.33966	15.701	17.192	65.862	41.519	105.35	202.84	0.16273	16.898	0.023616
58.000	644.79	18.730	0.053389	8.5481	8.7854	36.565	40.571	122.36	447.67	0.0099416	74.887	0.086124	0.0029253	2.9960	0.33378	15.687	17.171	65.722	41.652	107.30	202.44	0.16186	16.979	0.023876
59.000	653.21	18.647	0.053628	8.6065	8.8480	36.772	40.604	123.78	443.03	0.010260	74.227	0.085555	0.0028363	3.0490	0.32797	15.672	17.149	65.580	41.787	109.35	202.04	0.16099	17.062	0.024145
60.000	661.71	18.563	0.053872	8.6652	8.9110	36.979	40.639	125.28	438.36	0.010591	73.564	0.084988	0.0027478	3.1033	0.32223	15.657	17.127	65.436	41.924	111.51	201.64	0.16011	17.146	0.024423
61.000	670.30	18.477	0.054122	8.7245	8.9746	37.188	40.675	126.86	433.64	0.010934	72.900	0.084422	0.0026597	3.1589	0.31656	15.640	17.103	65.290	42.063	113.78	201.22	0.15923	17.232	0.024713
62.000	678.97	18.390	0.054378	8.7841	9.0387	37.398	40.714	128.53	428.89	0.011290	72.233	0.083858	0.0025722	3.2159	0.31096	15.624	17.079	65.143	42.205	116.18	200.81	0.15833	17.320	0.025013
63.000	687.72	18.302	0.054640	8.8443	9.1034	37.610	40.754	130.29	424.09	0.011660	71.564	0.083296	0.0024851	3.2742	0.30542	15.606	17.054	64.992	42.348	118.71	200.38	0.15743	17.410	0.025324
64.000	696.56	18.212	0.054909	8.9049	9.1686	37.823	40.797	132.15	419.25	0.012045	70.892	0.082737	0.0023985	3.3340	0.29994	15.588	17.029	64.840	42.494	121.40	199.96	0.15652	17.502	0.025649
65.000	705.49	18.121	0.055185	8.9661	9.2345	38.038	40.842	134.12	414.36	0.012446	70.217	0.082179	0.0023125	3.3954	0.29452	15.569	17.002	64.685	42.643	124.24	199.52	0.15560	17.596	0.025987
66.000	714.51	18.028	0.055469	9.0278	9.3010	38.254	40.889	136.21	409.42	0.012864	69.539	0.081624	0.0022270	3.4584	0.28915	15.549	16.974	64.527	42.794	127.27	199.08	0.15467	17.693	0.026339
67.000	723.61	17.934	0.055760	9.0900	9.3682	38.472	40.939	138.43	404.43	0.013300	68.857	0.081072	0.0021421	3.5231	0.28384	15.529	16.945	64.367	42.949	130.49	198.63	0.15372	17.792	0.026708
68.000	732.80	17.838	0.056060	9.1529	9.4361	38.692	40.992	140.81	399.39	0.013755	68.170	0.080522	0.0020577	3.5895	0.27859	15.507	16.915	64.204	43.106	133.92	198.18	0.15276	17.893	0.027093
69.000	742.09	17.740	0.056368	9.2164	9.5048	38.913	41.047	143.34	394.29	0.014230	67.480	0.079976	0.0019739	3.6579	0.27338	15.485	16.884	64.037	43.266	137.60	197.72	0.15179	17.997	0.027496
70.000	751.46	17.641	0.056686	9.2806	9.5743	39.137	41.106	146.05	389.13	0.014728	66.785	0.079433	0.0018908	3.7283	0.26822	15.462	16.851	63.867	43.430	141.53	197.26	0.15080	18.105	0.027919
71.000	760.93	17.539	0.057015	9.3455	9.6446	39.363	41.169	148.97	383.91	0.015249	66.084	0.078895	0.0018082	3.8008	0.26310	15.437	16.818	63.694	43.597	145.77	196.78	0.14979	18.215	0.028363
72.000	770.49	17.436	0.057354	9.4111	9.7158	39.592	41.235	152.10	378.63	0.015796	65.378	0.078361	0.0017262	3.8756	0.25803	15.412	16.783	63.517	43.768	150.33	196.30	0.14876	18.329	0.028831
73.000	780.14	17.330	0.057704	9.4776	9.7880	39.823	41.305	155.49	373.28	0.016371	64.666	0.077832	0.0016450	3.9527	0.25299	15.385	16.746	63.335	43.943	155.26	195.82	0.14772	18.447	0.029324
74.000	789.89	17.221	0.058067	9.5449	9.8611	40.057	41.379	159.16	367.85	0.016975	63.946	0.077309	0.0015643	4.0325	0.24799	15.357	16.708	63.150	44.122	160.61	195.32	0.14664	18.568	0.029845
75.000	799.74	17.110	0.058444	9.6132	9.9354	40.294	41.458	163.16	362.35	0.017612	63.219	0.076793	0.0014844	4.1149	0.24302	15.328	16.668	62.959	44.306	166.43	194.82	0.14554	18.694	0.030398
76.000	809.68	16.997	0.058835	9.6824	10.011	40.534	41.542	167.52	356.77	0.018284	62.484	0.076286	0.0014052	4.2003	0.23808	15.297	16.626	62.764	44.495	172.78	194.32	0.14442	18.825	0.030984
77.000	819.72	16.880	0.059242	9.7527	10.088	40.778	41.632	172.30	351.11	0.018994	61.739	0.075788	0.0013268	4.2889	0.23316	15.265	16.583	62.563	44.689	179.76	193.80	0.14326	18.960	0.031608
78.000	829.87	16.760	0.059666	9.8242	10.166	41.026	41.728	177.57	345.36	0.019747	60.985	0.075301	0.0012491	4.3808	0.22827	15.231	16.537	62.356	44.888	187.45	193.28	0.14206	19.101	0.032274
79.000	840.11	16.636	0.060110	9.8970	10.245	41.278	41.831	183.40	339.51	0.020545	60.219	0.074828	0.0011723	4.4765	0.22339	15.195	16.489	62.143	45.093	195.97	192.74	0.14083	19.248	0.032988
80.000	850.46	16.509	0.060574	9.9712	10.326	41.534	41.941	189.91	333.55	0.021395	59.441	0.074370	0.0010963	4.5763	0.21852	15.158	16.439	61.923	45.305	205.46	192.20	0.13955	19.402	0.033755
81.000	860.92	16.377	0.061062	10.047	10.409	41.796	42.060	197.20	327.49	0.022301	58.649	0.073933	0.0010212	4.6805	0.21365	15.118	16.386	61.694	45.524	216.10	191.65	0.13823	19.562	0.034583
82.000	871.48	16.240	0.061575	10.124	10.494	42.063	42.187	205.44	321.31	0.023270	57.841	0.073521	0.00094697	4.7895	0.20879	15.076	16.330	61.458	45.750	228.12	191.10	0.13685	19.732	0.035481
83.000	882.15	16.098	0.062118	10.203	10.581	42.337	42.326	214.82	315.00	0.024310	57.016	0.073138	0.00087374	4.9040	0.20391	15.031	16.271	61.211	45.985	241.79	190.53	0.13542	19.910	0.036458
84.000	892.93	15.951	0.062693	10.285	10.671	42.619	42.476	225.61	308.56	0.025428	56.171	0.072794	0.00080155	5.0246	0.19902	14.983	16.209	60.954	46.229	257.51	189.95	0.13392	20.099	0.037529
85.000	903.82	15.796	0.063306	10.368	10.763	42.908	42.639	238.15	301.96	0.026636	55.304	0.072498	0.00073043	5.1520	0.19410	14.933	16.142	60.685	46.483	275.75	189.36	0.13234	20.299	0.038710
86.000	914.83	15.634	0.063962	10.455	10.858	43.207	42.818	252.92	295.20	0.027946	54.410	0.072265	0.00066048	5.2871	0.18914	14.878	16.071	60.402	46.748	297.19	188.76	0.13067	20.513	0.040022
87.000	925.96	15.463	0.064669	10.544	10.957	43.517	43.015	270.57	288.26	0.029374	53.486	0.072114	0.00059175	5.4312	0.18412	14.819	15.995	60.103	47.026	322.74	188.14	0.12890	20.744	0.041493
88.000	937.21	15.282	0.065436	10.638	11.060	43.839	43.233	292.05	281.11	0.030938	52.526	0.072070	0.00052436	5.5856	0.17903	14.755	15.912	59.785	47.319	353.74	187.52	0.12702	20.992	0.043161
89.000	948.58	15.089	0.066274	10.735	11.168	44.177	43.477	318.76	273.73	0.032663	51.523	0.072171	0.00045841	5.7524	0.17384	14.686	15.822	59.445	47.627	392.14	186.87	0.12499	21.264	0.045078
90.000	960.08	14.881	0.067202	10.838	11.283	44.534	43.751	352.90	266.08	0.034580	50.467	0.072472	0.00039402	5.9342	0.16852	14.609	15.724	59.079	47.954	440.95	186.21	0.12279	21.563	0.047316
91.000	971.72	14.654	0.068241	10.947	11.404	44.914	44.064	398.06	258.13	0.036732	49.346	0.073050	0.00033138	6.1344	0.16302	14.524	15.616	58.680	48.303	505.09	185.53	0.12039	21.897	0.049988
92.000	983.49	14.404	0.069427	11.065	11.536	45.325	44.426	460.59	249.81	0.039175	48.140	0.074031	0.00027069	6.3582	0.15728	14.427	15.494	58.239	48.679	593.13	184.83	0.11772	22.276	0.053270
93.000	995.41	14.121	0.070815	11.194	11.680	45.777	44.855	552.83	241.04	0.041997	46.819	0.075621	0.00021224	6.6137	0.15120	14.316	15.354	57.743	49.085	721.52	184.10	0.11471	22.718	0.057466
94.000	1007.5	13.794	0.072497	11.339	11.843	46.288	45.376	702.17	231.68	0.045331	45.335	0.078214	0.00015642	6.9142	0.14463	14.185	15.189	57.167	49.531	926.16	183.34	0.11120	23.249	0.060991
95.000	1019.7	13.394	0.074658	11.511	12.035	46.893	46.041	983.39	221.50	0.049420	43.594	0.082716	0.00010382	7.2855	0.13726	14.021	14.986	56.468	50.027	1303.1	182.54	0.10695	23.925	0.062968
96.000	1032.1	12.861	0.077754	11.730	12.284	47.676	46.964	1693.0	210.00	0.054800	41.376	0.092080	5.5507e-05	7.7887	0.12839	13.799	14.712	55.544	50.588	2221.1	181.71	0.10135	24.882	0.065748
97.000	1044.8	11.943	0.083730	12.092	12.696	48.987	48.559	6036.4	195.59	0.063480	37.823	0.097696	1.3966e-05	8.6698	0.11534	13.413	14.244	53.992	51.194	7435.9	180.99	0.092146	26.686	0.070922
